000036
000049
000061
000077
000086
000110
000113
000165
000308
000322
000368
000370
000389
000431
000436
000446
000510
000529
000572
000625
000634
000671
000723
000731
000735
000790
000821
000828
000839
000882
000897
000927
000960
001006
001011
001014
001053
001098
001102
001145
001183
001200
001204
001216
001237
001271
001298
001307
001308
001315
001330
001332
001375
001390
001397
001403
001407
001424
001431
001488
001527
001548
001569
001580
001586
001637
001639
001670
001706
001732
001756
001774
001790
001804
001811
001815
001837
001864
001875
001895
001915
001943
001947
001966
002001
002007
002055
002056
002072
002083
002135
002184
002211
002229
002372
002377
002400
002402
002415
002445
002446
002459
002466
002470
002498
002543
002560
002567
002575
002583
002585
002602
002614
002658
002686
002691
002693
002703
002752
002755
002758
002774
002782
002833
002842
002907
002963
002983
002992
003008
003077
003118
003124
003157
003160
003197
003220
003225
003236
003242
003272
003276
003293
003320
003348
003412
003461
003514
003528
003532
003579
003637
003770
003804
003827
003870
003920
003967
003988
004020
004042
004065
004129
004131
004138
004139
004172
004173
004180
004201
004219
004239
004244
004259
004289
004331
004376
004377
004404
004421
004424
004428
004441
004442
004489
004490
004502
004508
004527
004535
004549
004567
004587
004608
004616
004662
004684
004702
004711
004714
004716
004739
004741
004823
004834
004843
004844
004859
004876
004901
004947
004981
004984
004993
005016
005021
005083
005085
005094
005131
005139
005152
005156
005165
005198
005219
005256
005260
005294
005312
005313
005336
005339
005368
005373
005377
005424
005425
005430
005471
005505
005508
005559
005608
005614
005620
005632
005638
005641
005683
005689
005699
005701
005715
005740
005756
005823
005828
005882
005915
005916
005917
005933
005962
006026
006031
006041
006042
006053
006057
006101
006190
006216
006225
006241
006253
006262
006295
006327
006332
006334
006338
006339
006357
006364
006379
006380
006407
006409
006489
006520
006531
006541
006578
006590
006602
006603
006627
006664
006675
006692
006709
006744
006747
006749
006760
006764
006780
006846
006860
006862
006920
006935
006941
006943
006945
006964
006973
006981
006996
007035
007049
007069
007123
007129
007159
007221
007228
007277
007307
007318
007420
007424
007500
007503
007535
007583
007594
007596
007615
007627
007653
007689
007727
007733
007757
007758
007782
007809
007819
007839
007853
007894
007921
007932
007946
007953
007996
008014
008019
008024
008025
008053
008055
008063
008086
008095
008106
008114
008176
008186
008238
008284
008294
008297
008305
008309
008314
008329
008339
008369
008383
008396
008429
008436
008468
008494
008519
008520
008553
008571
008581
008587
008592
008593
008630
008639
008649
008653
008657
008659
008677
008725
008746
008747
008772
008781
008794
008807
008809
008813
008816
008841
008856
008872
008909
008968
008979
008991
009018
009024
009025
009029
009045
009057
009112
009190
009202
009203
009218
009253
009322
009372
009408
009429
009446
009451
009460
009462
009469
009488
009542
009556
009557
009608
009648
009656
009658
009669
009738
009771
009789
009797
009820
009833
009846
009878
009885
009895
009910
009929
009946
009951
009960
009968
009983
009999
010005
010015
010024
010069
010082
010094
010130
010175
010176
010179
010230
010243
010244
010309
010313
010319
010358
010388
010434
010445
010498
010560
010579
010600
010621
010639
010646
010683
010701
010710
010711
010727
010732
010743
010784
010787
010817
010818
010831
010871
010881
010890
010929
010948
011015
011029
011041
011065
011075
011077
011107
011129
011138
011159
011195
011227
011229
011231
011238
011256
011258
011264
011271
011288
011292
011328
011332
011349
011401
011411
011461
011497
011576
011579
011591
011613
011619
011624
011631
011661
011690
011713
011737
011754
011774
011775
011791
011794
011801
011802
011826
011856
011996
012069
012079
012096
012108
012131
012156
012158
012182
012224
012240
012283
012345
012357
012379
012424
012434
012440
012459
012460
012472
012497
012501
012509
012522
012524
012529
012574
012614
012661
012701
012704
012757
012784
012797
012805
012810
012822
012825
012838
012839
012873
012883
012884
012933
013092
013106
013124
013143
013172
013182
013195
013202
013249
013267
013278
013283
013292
013318
013332
013364
013455
013506
013540
013565
013576
013595
013670
013717
013797
013844
013874
013908
013909
013920
013921
014036
014070
014083
014089
014090
014103
014125
014128
014152
014159
014180
014209
014219
014230
014238
014244
014252
014253
014261
014281
014283
014357
014359
014367
014388
014402
014468
014472
014487
014493
014502
014537
014546
014653
014677
014683
014698
014709
014748
014768
014791
014801
014807
014864
014870
014876
014938
014969
014970
014985
015011
015062
015069
015071
015089
015097
015117
015122
015151
015153
015193
015195
015239
015257
015268
015269
015286
015354
015382
015392
015394
015399
015427
015472
015496
015544
015546
015554
015564
015582
015586
015588
015619
015644
015645
015658
015678
015726
015733
015764
015823
015843
015851
015859
015885
015897
015919
015957
016037
016038
016056
016060
016069
016071
016080
016084
016099
016101
016114
016123
016142
016166
016169
016173
016195
016210
016216
016240
016253
016255
016273
016283
016290
016314
016322
016342
016346
016355
016359
016403
016412
016448
016458
016465
016468
016470
016483
016486
016509
016547
016556
016567
016616
016629
016659
016670
016693
016737
016758
016773
016823
016827
016831
016902
016980
017047
017068
017096
017108
017137
017167
017174
017181
017206
017236
017308
017356
017376
017413
017432
017450
017468
017474
017476
017520
017526
017559
017566
017578
017582
017585
017586
017587
017590
017591
017696
017766
017799
017839
017877
017935
017945
017954
017962
017967
017975
018020
018059
018075
018090
018093
018127
018171
018194
018201
018217
018250
018265
018270
018290
018327
018359
018367
018373
018377
018396
018401
018402
018432
018457
018464
018466
018475
018501
018523
018529
018535
018542
018554
018557
018559
018564
018584
018605
018614
018641
018656
018704
018775
018811
018816
018839
018866
018882
018930
018934
018935
018942
018956
019123
019134
019182
019236
019240
019251
019318
019320
019374
019375
019394
019399
019448
019450
019471
019472
019487
019489
019499
019501
019534
019552
019594
019622
019695
019698
019707
019714
019737
019754
019759
019766
019781
019789
019794
019797
019838
019871
019905
019918
019926
019955
019994
020012
020044
020090
020106
020136
020146
020156
020172
020184
020188
020202
020251
020253
020291
020308
020311
020355
020367
020376
020389
020414
020417
020421
020450
020456
020556
020561
020575
020579
020599
020611
020651
020698
020702
020711
020742
020794
020849
020853
020962
020971
020983
020987
021049
021051
021070
021075
021079
021126
021143
021151
021152
021181
021183
021194
021204
021212
021213
021223
021235
021248
021276
021280
021281
021292
021329
021417
021419
021462
021469
021528
021534
021553
021564
021632
021717
021747
021750
021751
021780
021786
021830
021883
021895
022048
022056
022071
022086
022116
022123
022135
022149
022193
022198
022222
022240
022265
022275
022281
022291
022355
022367
022427
022526
022536
022575
022593
022624
022650
022652
022658
022675
022683
022691
022696
029523
031373
041796
042169
051443
051471
051493
051501
051512
051530
052192
052209
052582
052603
052606
054849
054928
054938
054949
054995
055107
055158
055184
055221
055237
055298
055301
055303
055315
055317
055318
055413
055417
055512
055514
055516
055517
055539
055569
055578
055637
055681
055682
055690
055723
055737
055744
055747
055764
055767
055808
055809
055849
055922
055937
056006
056023
056028
056398
532624
533011
533041
534323
534564
534716
534808
534900
534923
534958
535369
535455
536167
536169
538105
578627
578649
578796
578808
578875
578894
578958
578986
579045
579156
579198
579213
579224
579366
579491
579541
579543
579621
579629
579632
579679
579699
579731
579739
579787
579802
579865
579917
580000
580002
580142
580152
580161
580162
580234
580264
580334
580406
580427
580510
580541
580600
580660
580685
580735
580765
580777
580790
580851
580930
580942
581008
581021
581036
581097
581118
581127
581153
581196
581204
581223
581346
581351
581362
581392
581419
581423
581481
581499
581518
581571
581582
581670
581704
581711
581712
581715
581738
581744
581770
581857
581880
581906
581909
